                         Name           Dual         Slack          Lower          Upper
0     c_e_gas_flow_linear(1)_       0.000000      0.000000  -4.174494e+04   6.581032e+04
1     c_e_gas_flow_linear(2)_      -0.000000      0.000000  -4.174494e+04   6.581032e+04
2     c_e_gas_flow_linear(3)_      -0.000000      0.000000  -2.782998e+04   4.380767e+04
3     c_e_gas_flow_linear(4)_      -0.000000      0.000000  -2.782998e+04   4.380767e+04
4     c_e_gas_flow_linear(5)_      -0.000000      0.000000  -3.211158e+03   3.759952e+03
5     c_e_gas_flow_linear(6)_      -0.000000      0.000000  -2.614146e+02   3.330032e+02
6     c_e_gas_flow_linear(7)_      -0.000000      0.000000  -3.876136e+02   3.199066e+02
7     c_e_gas_flow_linear(8)_      -0.000000      0.000000  -5.916221e+02   4.854285e+02
8     c_e_gas_flow_linear(9)_      -0.000000      0.000000  -1.517998e+03   1.411295e+03
9    c_e_gas_flow_linear(12)_     -43.477782      0.000000  -1.307241e+01   1.287718e+02
10   c_e_gas_flow_linear(13)_    -356.322757      0.000000  -1.595069e+00   1.571247e+01
11   c_e_gas_flow_linear(14)_     -54.347234      0.000000  -1.045793e+01   1.030174e+02
12   c_e_gas_flow_linear(15)_    -445.403396      0.000000  -1.276055e+00   1.256998e+01
13   c_e_gas_flow_linear(16)_    -102.432149      0.000000  -5.548016e+00   5.465158e+01
14   c_e_gas_flow_linear(17)_     -97.554514      0.000000  -5.825411e+00   5.738411e+01
15   c_e_gas_flow_linear(18)_     -12.194307      0.000000  -4.660332e+01   4.590731e+02
16   c_e_gas_flow_linear(19)_     -24.388615      0.000000  -2.330166e+01   2.295366e+02
17   c_e_gas_flow_linear(20)_     -60.971706      0.000000  -9.320638e+00   9.181437e+01
18   c_e_gas_flow_linear(21)_      -0.194384      0.000000  -1.364650e+02   1.667246e+01
19   c_e_gas_flow_linear(23)_   -1836.300611      0.000000  -3.094472e-01   3.923186e+00
20   c_e_gas_flow_linear(24)_    -112.426299      0.000000  -5.054317e+00   2.259390e+01
21     c_l_operational_1(10)_       0.000000     -0.000000 -1.000000e+100   0.000000e+00
22     c_l_operational_1(11)_       0.020000      0.000000  -0.000000e+00   1.882440e+03
23     c_l_operational_1(22)_       0.000000   -324.086408 -1.000000e+100   3.240864e+02
24     c_u_operational_2(10)_       0.000000  13147.320000  -1.314732e+04  1.000000e+100
25     c_u_operational_2(11)_       0.000000  13147.320000  -1.314732e+04  1.000000e+100
26     c_u_operational_2(22)_       0.000000  10610.654369  -1.061065e+04  1.000000e+100
27     c_l_operational_3(10)_       0.000000    -20.344000 -1.000000e+100   2.034400e+01
28     c_l_operational_3(11)_       0.000000      0.000000 -1.000000e+100   2.034400e+01
29     c_l_operational_3(22)_       0.000000     -1.272458 -1.000000e+100   1.272458e+00
30         c_l_security_1(1)_       0.000000  -3627.803899 -1.000000e+100   3.627804e+03
31         c_l_security_1(2)_       0.000000  -3622.354774 -1.000000e+100   3.622355e+03
32         c_l_security_1(3)_       0.000000  -2694.475455 -1.000000e+100   3.594475e+03
33         c_l_security_1(4)_       0.000000  -3295.718572 -1.000000e+100   3.295719e+03
34         c_l_security_1(5)_       0.000000  -3321.529101 -1.000000e+100   3.321529e+03
35         c_l_security_1(6)_       0.000000  -2152.006726 -1.000000e+100   3.052007e+03
36         c_l_security_1(7)_       0.000000  -2139.441060 -1.000000e+100   3.039441e+03
37         c_l_security_1(8)_       0.000000  -1882.440000 -1.000000e+100   4.382440e+03
38         c_l_security_1(9)_       0.000000  -4382.440000 -1.000000e+100   4.382440e+03
39        c_l_security_1(10)_       0.000000  -3090.267849 -1.000000e+100   3.990268e+03
40        c_l_security_1(11)_       0.000000  -3750.827056 -1.000000e+100   3.750827e+03
41        c_l_security_1(12)_       0.000000  -3353.495720 -1.000000e+100   3.353496e+03
42        c_l_security_1(13)_       0.000000  -3087.707894 -1.000000e+100   3.087708e+03
43        c_l_security_1(14)_       0.000000  -3050.982928 -1.000000e+100   3.050983e+03
44        c_l_security_1(15)_       0.000000  -2795.911895 -1.000000e+100   2.795912e+03
45        c_l_security_1(16)_      88.484578      0.000000   2.436734e+03   2.506423e+03
46        c_l_security_1(17)_       0.000000  -3644.913592 -1.000000e+100   3.644914e+03
47        c_l_security_1(18)_       0.000000  -3969.000000 -1.000000e+100   3.969000e+03
48        c_l_security_1(19)_       0.000000   -769.924614 -1.000000e+100   7.699246e+02
49        c_l_security_1(20)_       3.127587      0.000000  -0.000000e+00   8.066858e+02
50         c_u_security_2(1)_       0.000000   2301.196101   3.627804e+03  1.000000e+100
51         c_u_security_2(2)_       0.000000   2306.645226   3.622355e+03  1.000000e+100
52         c_u_security_2(3)_       0.000000   2805.524545   3.594475e+03  1.000000e+100
53         c_u_security_2(4)_       0.000000   3104.281428   3.295719e+03  1.000000e+100
54         c_u_security_2(5)_       0.000000   2607.470899   3.321529e+03  1.000000e+100
55         c_u_security_2(6)_       0.000000   3347.993274   3.052007e+03  1.000000e+100
56         c_u_security_2(7)_       0.000000   3360.558940   3.039441e+03  1.000000e+100
57         c_u_security_2(8)_       0.000000      0.000000   4.382440e+03  1.000000e+100
58         c_u_security_2(9)_     -88.494578      0.000000   4.376017e+03   4.382440e+03
59        c_u_security_2(10)_       0.000000    392.172151   3.990268e+03  1.000000e+100
60        c_u_security_2(11)_       0.000000    631.612944   3.750827e+03  1.000000e+100
61        c_u_security_2(12)_       0.000000   1028.944280   3.353496e+03  1.000000e+100
62        c_u_security_2(13)_       0.000000   1294.732106   3.087708e+03  1.000000e+100
63        c_u_security_2(14)_       0.000000   1331.457072   3.050983e+03  1.000000e+100
64        c_u_security_2(15)_       0.000000   1586.528105   2.795912e+03  1.000000e+100
65        c_u_security_2(16)_       0.000000   1882.440000   2.500000e+03  1.000000e+100
66        c_u_security_2(17)_       0.000000    737.526408   3.644914e+03  1.000000e+100
67        c_u_security_2(18)_      -3.117587      0.000000   3.787314e+03   6.272421e+03
68        c_u_security_2(19)_       0.000000   3612.515386   7.699246e+02  1.000000e+100
69        c_u_security_2(20)_       0.000000   3757.440000   6.250000e+02  1.000000e+100
70          c_e_injection(1)_      -0.000000      0.000000  -1.894317e-01   2.534568e+00
71          c_e_injection(2)_      -0.000000      0.000000  -1.894317e-01   2.534568e+00
72          c_e_injection(3)_      -0.000000      0.000000  -1.894317e-01   2.534568e+00
73          c_e_injection(4)_      -0.000000      0.000000  -1.894317e-01   2.534568e+00
74          c_e_injection(5)_      -0.000000      0.000000  -1.894317e-01   2.534568e+00
75          c_e_injection(6)_      -0.000000      0.000000  -1.894317e-01   2.534568e+00
76          c_e_injection(7)_      -0.000000      0.000000  -1.894317e-01   2.534568e+00
77          c_e_injection(8)_   -8517.066255      0.000000  -4.934530e-02   6.573059e-01
78          c_e_injection(9)_   -8517.066255      0.000000  -4.934530e-02   6.573059e-01
79         c_e_injection(10)_   -6811.152525      0.000000  -5.792440e-02   7.750198e-01
80         c_e_injection(11)_   -5295.363704      0.000000  -6.850757e-02   9.166210e-01
81         c_e_injection(12)_   -2528.466494      0.000000  -1.027944e-01   1.375373e+00
82         c_e_injection(13)_    -306.955108      0.000000  -1.718485e-01   2.299307e+00
83         c_e_injection(14)_      -0.000000      0.000000  -1.894317e-01   2.534568e+00
84         c_e_injection(15)_    1095.731694      0.000000  -2.984323e-01   3.992980e+00
85         c_e_injection(16)_    3000.000000      0.000000  -1.866026e+00   1.374997e+01
86         c_e_injection(17)_   -5294.531350      0.000000  -6.850757e-02   9.166210e-01
87         c_e_injection(18)_   -5294.531350      0.000000  -6.850757e-02   9.166210e-01
88         c_e_injection(19)_    2568.507866      0.000000  -9.162041e-01   1.108103e+00
89         c_e_injection(20)_    3000.000000      0.000000  -8.685420e-01   1.050458e+00
90      c_l_contractual_1(1)_       0.000000     -0.189432 -1.000000e+100   9.059432e+00
91      c_l_contractual_1(2)_       0.000000     -8.400000 -1.000000e+100   8.400000e+00
92      c_l_contractual_1(3)_    3000.000000      0.000000  -6.452568e+00  -3.728568e+00
93      c_l_contractual_1(4)_       0.000000      0.000000  -2.534568e+00   0.000000e+00
94      c_l_contractual_1(5)_       0.000000     -4.800000 -1.000000e+100   4.800000e+00
95      c_l_contractual_1(6)_    3000.000000      0.000000  -6.568568e+00  -3.844568e+00
96      c_l_contractual_1(7)_    3000.000000      0.000000  -7.790568e+00  -5.066568e+00
97      c_l_contractual_1(8)_    8517.066255      0.000000   1.968669e+01   2.039335e+01
98      c_l_contractual_1(9)_    8517.066255      0.000000  -6.573059e-01   0.000000e+00
99     c_l_contractual_1(10)_    9811.152525      0.000000  -7.140020e+00  -6.307076e+00
100    c_l_contractual_1(11)_    5295.363704      0.000000  -9.166210e-01   0.000000e+00
101    c_l_contractual_1(12)_    5528.466494      0.000000  -3.495373e+00  -2.017206e+00
102    c_l_contractual_1(13)_     306.955108      0.000000  -2.299307e+00   1.718485e-01
103    c_l_contractual_1(14)_       0.000000     -0.960000 -1.000000e+100   9.600000e-01
104    c_l_contractual_1(15)_    1904.268306      0.000000  -1.084098e+01  -6.549568e+00
105    c_l_contractual_1(16)_       0.000000     -1.866026 -1.000000e+100  -1.374997e+01
106    c_l_contractual_1(17)_    5294.531350      0.000000  -9.166210e-01   0.000000e+00
107    c_l_contractual_1(18)_    5294.531350      0.000000  -9.166210e-01   0.000000e+00
108    c_l_contractual_1(19)_     431.492134      0.000000  -1.330103e+00  -0.000000e+00
109    c_l_contractual_1(20)_       0.000000     -0.868542 -1.000000e+100  -1.050458e+00
110     c_u_contractual_2(1)_       0.000000      2.534568   9.059432e+00  1.000000e+100
111     c_u_contractual_2(2)_      -0.000000      0.000000   5.865432e+00   8.589432e+00
112     c_u_contractual_2(3)_       0.000000      3.918000  -3.918000e+00  1.000000e+100
113     c_u_contractual_2(4)_       0.000000      0.000000   0.000000e+00  1.000000e+100
114     c_u_contractual_2(5)_      -0.000000      0.000000   2.265432e+00   4.989432e+00
115     c_u_contractual_2(6)_       0.000000      4.034000  -4.034000e+00  1.000000e+100
116     c_u_contractual_2(7)_       0.000000      5.256000  -5.256000e+00  1.000000e+100
117     c_u_contractual_2(8)_       0.000000      1.668000   2.034400e+01  1.000000e+100
118     c_u_contractual_2(9)_       0.000000      0.000000   0.000000e+00  1.000000e+100
119    c_u_contractual_2(10)_       0.000000      6.365000  -6.365000e+00  1.000000e+100
120    c_u_contractual_2(11)_       0.000000      0.000000   0.000000e+00  1.000000e+100
121    c_u_contractual_2(12)_       0.000000      2.120000  -2.120000e+00  1.000000e+100
122    c_u_contractual_2(13)_       0.000000      1.200000   0.000000e+00  1.000000e+100
123    c_u_contractual_2(14)_      -0.000000      0.000000   0.000000e+00   1.149432e+00
124    c_u_contractual_2(15)_       0.000000      6.848000  -6.848000e+00  1.000000e+100
125    c_u_contractual_2(16)_       0.000000     13.749974  -1.374997e+01  1.000000e+100
126    c_u_contractual_2(17)_       0.000000      0.000000   0.000000e+00  1.000000e+100
127    c_u_contractual_2(18)_       0.000000      0.000000   0.000000e+00  1.000000e+100
128    c_u_contractual_2(19)_       0.000000      0.222000  -2.220000e-01  1.000000e+100
129    c_u_contractual_2(20)_       0.000000      1.050458  -1.050458e+00  1.000000e+100
130      c_e_ONE_VAR_CONSTANT  138894.000000      0.000000   0.000000e+00  1.000000e+100
