Constraint Shadow Price Slack Lower Range Higher Range
c_e_gas_flow_linear(1)_ 0.0 0.0 -41744.939926906285 65810.32173309372
c_e_gas_flow_linear(2)_ -0.0 0.0 -41744.939926906285 65810.32173309372
c_e_gas_flow_linear(3)_ -0.0 0.0 -27829.975292578198 43807.671925303046
c_e_gas_flow_linear(4)_ -0.0 0.0 -27829.975292578205 43807.67192530305
c_e_gas_flow_linear(5)_ -0.0 0.0 -3211.158075900874 3759.9518842604184
c_e_gas_flow_linear(6)_ -0.0 0.0 -261.4146024305668 333.0032215694332
c_e_gas_flow_linear(7)_ -0.0 0.0 -387.61358646181674 319.90655992407534
c_e_gas_flow_linear(8)_ -0.0 0.0 -591.6221095842988 485.42847920762006
c_e_gas_flow_linear(9)_ -0.0 0.0 -1517.9978155238648 1411.2951315814882
c_e_gas_flow_linear(12)_ -43.477781940146016 0.0 -13.072410325833985 128.77178320301556
c_e_gas_flow_linear(13)_ -356.32275748647294 0.0 -1.5950690592651864 15.71247244952355
c_e_gas_flow_linear(14)_ -54.34723431581568 0.0 -10.45792693471661 103.01741350093275
c_e_gas_flow_linear(15)_ -445.40339632313845 0.0 -1.276055392191891 12.56997938579397
c_e_gas_flow_linear(16)_ -102.43214903270939 0.0 -5.548015790048636 54.65158059728123
c_e_gas_flow_linear(17)_ -97.55451369343973 0.0 -5.825411441524134 57.38410901422285
c_e_gas_flow_linear(18)_ -12.194307489549596 0.0 -46.60331722232767 459.07312517839506
c_e_gas_flow_linear(19)_ -24.388614979099188 0.0 -23.301658611163834 229.53656258919747
c_e_gas_flow_linear(20)_ -60.97170550137782 0.0 -9.320637754330887 91.81437197106676
c_e_gas_flow_linear(21)_ -0.19438423932587548 0.0 -136.46495216709263 16.67246320790736
c_e_gas_flow_linear(23)_ -1836.3006109994362 0.0 -0.3094472410118716 3.9231859561163227
c_e_gas_flow_linear(24)_ -112.42629859643553 0.0 -5.054317048913379 22.593896232695002
c_l_operational_1(10)_ 0.0 -0.0 -1e+100 0.0
c_l_operational_1(11)_ 0.02 0.0 -0.0 1882.4400000000005
c_l_operational_1(22)_ 0.0 -324.08640783577175 -1e+100 324.08640783577175
c_u_operational_2(10)_ 0.0 13147.320000000002 -13147.320000000002 1e+100
c_u_operational_2(11)_ 0.0 13147.320000000002 -13147.320000000002 1e+100
c_u_operational_2(22)_ 0.0 10610.654368656913 -10610.654368656913 1e+100
c_l_operational_3(10)_ 0.0 -20.344 -1e+100 20.344
c_l_operational_3(11)_ 0.0 0.0 -1e+100 20.344
c_l_operational_3(22)_ 0.0 -1.2724580096186853 -1e+100 1.2724580096186853
c_l_security_1(1)_ 0.0 -3627.803898510944 -1e+100 3627.803898510944
c_l_security_1(2)_ 0.0 -3622.3547735848456 -1e+100 3622.3547735848456
c_l_security_1(3)_ 0.0 -2694.47545506433 -1e+100 3594.47545506433
c_l_security_1(4)_ 0.0 -3295.7185722365853 -1e+100 3295.7185722365853
c_l_security_1(5)_ 0.0 -3321.5291011952722 -1e+100 3321.5291011952722
c_l_security_1(6)_ 0.0 -2152.0067264745576 -1e+100 3052.0067264745576
c_l_security_1(7)_ 0.0 -2139.441059554508 -1e+100 3039.441059554508
c_l_security_1(8)_ 0.0 -1882.4400000000005 -1e+100 4382.4400000000005
c_l_security_1(9)_ 0.0 -4382.4400000000005 -1e+100 4382.4400000000005
c_l_security_1(10)_ 0.0 -3090.2678494007982 -1e+100 3990.2678494007982
c_l_security_1(11)_ 0.0 -3750.8270561338886 -1e+100 3750.8270561338886
c_l_security_1(12)_ 0.0 -3353.4957198105812 -1e+100 3353.4957198105812
c_l_security_1(13)_ 0.0 -3087.707894084375 -1e+100 3087.707894084375
c_l_security_1(14)_ 0.0 -3050.9829277821023 -1e+100 3050.9829277821023
c_l_security_1(15)_ 0.0 -2795.9118954365676 -1e+100 2795.9118954365676
c_l_security_1(16)_ 88.48457789181955 0.0 2436.733846937056 2506.4225336638538
c_l_security_1(17)_ 0.0 -3644.9135921642282 -1e+100 3644.9135921642282
c_l_security_1(18)_ 0.0 -3969.0 -1e+100 3969.0
c_l_security_1(19)_ 0.0 -769.9246141456024 -1e+100 769.9246141456024
c_l_security_1(20)_ 3.12758720065424 0.0 -0.0 806.6857920454863
c_u_security_2(1)_ 0.0 2301.196101489056 3627.803898510944 1e+100
c_u_security_2(2)_ 0.0 2306.6452264151544 3622.3547735848456 1e+100
c_u_security_2(3)_ 0.0 2805.52454493567 3594.47545506433 1e+100
c_u_security_2(4)_ 0.0 3104.2814277634147 3295.7185722365853 1e+100
c_u_security_2(5)_ 0.0 2607.4708988047278 3321.5291011952722 1e+100
c_u_security_2(6)_ 0.0 3347.9932735254424 3052.0067264745576 1e+100
c_u_security_2(7)_ 0.0 3360.558940445492 3039.441059554508 1e+100
c_u_security_2(8)_ 0.0 0.0 4382.4400000000005 1e+100
c_u_security_2(9)_ -88.49457789181953 0.0 4376.017466336147 4382.4400000000005
c_u_security_2(10)_ 0.0 392.17215059920227 3990.2678494007982 1e+100
c_u_security_2(11)_ 0.0 631.6129438661119 3750.8270561338886 1e+100
c_u_security_2(12)_ 0.0 1028.9442801894193 3353.4957198105812 1e+100
c_u_security_2(13)_ 0.0 1294.7321059156257 3087.707894084375 1e+100
c_u_security_2(14)_ 0.0 1331.4570722178983 3050.9829277821023 1e+100
c_u_security_2(15)_ 0.0 1586.5281045634329 2795.9118954365676 1e+100
c_u_security_2(16)_ 0.0 1882.4400000000005 2500.0 1e+100
c_u_security_2(17)_ 0.0 737.5264078357723 3644.9135921642282 1e+100
c_u_security_2(18)_ -3.1175872006542398 0.0 3787.3142079545137 6272.420594243966
c_u_security_2(19)_ 0.0 3612.515385854398 769.9246141456024 1e+100
c_u_security_2(20)_ 0.0 3757.4400000000005 625.0 1e+100
c_e_injection(1)_ -0.0 0.0 -0.18943172674736175 2.5345682732526384
c_e_injection(2)_ -0.0 0.0 -0.18943172674736175 2.5345682732526384
c_e_injection(3)_ -0.0 0.0 -0.18943172674736175 2.5345682732526384
c_e_injection(4)_ -0.0 0.0 -0.1894317267473618 2.534568273252639
c_e_injection(5)_ -0.0 0.0 -0.1894317267473618 2.534568273252639
c_e_injection(6)_ -0.0 0.0 -0.1894317267473618 2.534568273252639
c_e_injection(7)_ -0.0 0.0 -0.1894317267473618 2.534568273252639
c_e_injection(8)_ -8517.066254981146 0.0 -0.049345304797114256 0.6573059287674023
c_e_injection(9)_ -8517.066254981146 0.0 -0.049345304797114256 0.6573059287674023
c_e_injection(10)_ -6811.152524731268 0.0 -0.05792439781685551 0.7750198104336874
c_e_injection(11)_ -5295.363703625498 0.0 -0.06850756646073415 0.9166210297005678
c_e_injection(12)_ -2528.4664939539516 0.0 -0.10279436094323521 1.3753732301848045
c_e_injection(13)_ -306.95510812694243 0.0 -0.17184847137642817 2.2993069367865284
c_e_injection(14)_ -0.0 0.0 -0.1894317267473618 2.534568273252639
c_e_injection(15)_ 1095.731693780968 0.0 -0.29843230514635205 3.992979768095412
c_e_injection(16)_ 3000.0 0.0 -1.86602628287128 13.74997371712872
c_e_injection(17)_ -5294.5313503127045 0.0 -0.06850756646073415 0.9166210297005678
c_e_injection(18)_ -5294.5313503127045 0.0 -0.06850756646073415 0.9166210297005678
c_e_injection(19)_ 2568.5078659868805 0.0 -0.9162040999804585 1.1081029425502105
c_e_injection(20)_ 3000.0 0.0 -0.8685419903813147 1.0504580096186853
c_l_contractual_1(1)_ 0.0 -0.18943172674736175 -1e+100 9.059431726747361
c_l_contractual_1(2)_ 0.0 -8.4 -1e+100 8.4
c_l_contractual_1(3)_ 3000.0 0.0 -6.452568273252639 -3.7285682732526384
c_l_contractual_1(4)_ 0.0 0.0 -2.534568273252639 0.0
c_l_contractual_1(5)_ 0.0 -4.8 -1e+100 4.8
c_l_contractual_1(6)_ 3000.0 0.0 -6.568568273252639 -3.844568273252638
c_l_contractual_1(7)_ 3000.0 0.0 -7.790568273252639 -5.0665682732526385
c_l_contractual_1(8)_ 8517.066254981146 0.0 19.686694071232598 20.393345304797116
c_l_contractual_1(9)_ 8517.066254981146 0.0 -0.6573059287674023 0.0
c_l_contractual_1(10)_ 9811.152524731267 0.0 -7.140019810433688 -6.3070756021831444
c_l_contractual_1(11)_ 5295.363703625498 0.0 -0.9166210297005678 0.0
c_l_contractual_1(12)_ 5528.466493953952 0.0 -3.4953732301848044 -2.017205639056765
c_l_contractual_1(13)_ 306.95510812694243 0.0 -2.2993069367865284 0.17184847137642817
c_l_contractual_1(14)_ 0.0 -0.96 -1e+100 0.96
c_l_contractual_1(15)_ 1904.268306219032 0.0 -10.840979768095412 -6.549567694853648
c_l_contractual_1(16)_ 0.0 -1.86602628287128 -1e+100 -13.74997371712872
c_l_contractual_1(17)_ 5294.5313503127045 0.0 -0.9166210297005678 0.0
c_l_contractual_1(18)_ 5294.5313503127045 0.0 -0.9166210297005678 0.0
c_l_contractual_1(19)_ 431.49213401311954 0.0 -1.3301029425502104 -0.0
c_l_contractual_1(20)_ 0.0 -0.8685419903813147 -1e+100 -1.0504580096186853
c_u_contractual_2(1)_ 0.0 2.5345682732526384 9.059431726747361 1e+100
c_u_contractual_2(2)_ -0.0 0.0 5.865431726747362 8.589431726747362
c_u_contractual_2(3)_ 0.0 3.918 -3.918 1e+100
c_u_contractual_2(4)_ 0.0 0.0 0.0 1e+100
c_u_contractual_2(5)_ -0.0 0.0 2.265431726747361 4.989431726747362
c_u_contractual_2(6)_ 0.0 4.034 -4.034 1e+100
c_u_contractual_2(7)_ 0.0 5.256 -5.256 1e+100
c_u_contractual_2(8)_ 0.0 1.6679999999999993 20.344 1e+100
c_u_contractual_2(9)_ 0.0 0.0 0.0 1e+100
c_u_contractual_2(10)_ 0.0 6.365 -6.365 1e+100
c_u_contractual_2(11)_ 0.0 0.0 0.0 1e+100
c_u_contractual_2(12)_ 0.0 2.12 -2.12 1e+100
c_u_contractual_2(13)_ 0.0 1.2 0.0 1e+100
c_u_contractual_2(14)_ -0.0 0.0 0.0 1.1494317267473617
c_u_contractual_2(15)_ 0.0 6.848 -6.848 1e+100
c_u_contractual_2(16)_ 0.0 13.74997371712872 -13.74997371712872 1e+100
c_u_contractual_2(17)_ 0.0 0.0 0.0 1e+100
c_u_contractual_2(18)_ 0.0 0.0 0.0 1e+100
c_u_contractual_2(19)_ 0.0 0.222 -0.222 1e+100
c_u_contractual_2(20)_ 0.0 1.0504580096186853 -1.0504580096186853 1e+100
c_e_ONE_VAR_CONSTANT 138894.0 0.0 0.0 1e+100
